# Made in Blockbench 4.12.1
mtllib armadillo.mtl
mtllib chest.mtl
mtllib sign.mtl

o head_rotation
v 0.09375 0.818513380366772 -0.4158912840972045
v 0.09375 0.9293897345140497 -0.47360986075158373
v 0.09375 0.6742169387308239 -0.6930821694653987
v 0.09375 0.7850932928781016 -0.7508007461197779
v -0.09375 0.9293897345140497 -0.47360986075158373
v -0.09375 0.818513380366772 -0.4158912840972045
v -0.09375 0.7850932928781016 -0.7508007461197779
v -0.09375 0.6742169387308239 -0.6930821694653987
vt 0.703125 0.734375
vt 0.75 0.734375
vt 0.75 0.65625
vt 0.703125 0.65625
vt 0.671875 0.734375
vt 0.703125 0.734375
vt 0.703125 0.65625
vt 0.671875 0.65625
vt 0.78125 0.734375
vt 0.828125 0.734375
vt 0.828125 0.65625
vt 0.78125 0.65625
vt 0.75 0.734375
vt 0.78125 0.734375
vt 0.78125 0.65625
vt 0.75 0.65625
vt 0.75 0.734375
vt 0.703125 0.734375
vt 0.703125 0.765625
vt 0.75 0.765625
vt 0.796875 0.765625
vt 0.75 0.765625
vt 0.75 0.734375
vt 0.796875 0.734375
vn 0 0.8870108331782217 -0.46174861323503413
vn 1 0 0
vn 0 -0.8870108331782217 0.46174861323503413
vn -1 0 0
vn 0 0.46174861323503413 0.8870108331782217
vn 0 -0.46174861323503413 -0.8870108331782217
usemtl m_379dac1e-b5a9-56cd-f53e-de88e0f200cd
f 4/4/1 7/3/1 5/2/1 2/1/1
f 3/8/2 4/7/2 2/6/2 1/5/2
f 8/12/3 3/11/3 1/10/3 6/9/3
f 7/16/4 8/15/4 6/14/4 5/13/4
f 6/20/5 1/19/5 2/18/5 5/17/5
f 7/24/6 4/23/6 3/22/6 8/21/6
o left_ear_cube
v -0.09374998901615801 1.0794543490039161 -0.39499119678468775
v -0.09374998901615801 1.0794543490039161 -0.39499119678468775
v -0.09375000732256131 0.8088214042830604 -0.5512411863261847
v -0.09375000732256131 0.8088214042830604 -0.5512411863261847
v -0.20923493386790748 1.103372063815848 -0.43641788420672867
v -0.20923493386790748 1.103372063815848 -0.43641788420672867
v -0.20923495217431076 0.8327391190949922 -0.5926678737482256
v -0.20923495217431076 0.8327391190949922 -0.5926678737482256
vt 0.734375 0.84375
vt 0.765625 0.84375
vt 0.765625 0.765625
vt 0.734375 0.765625
vt 0.734375 0.84375
vt 0.734375 0.84375
vt 0.734375 0.765625
vt 0.734375 0.765625
vt 0.765625 0.84375
vt 0.796875 0.84375
vt 0.796875 0.765625
vt 0.765625 0.765625
vt 0.765625 0.84375
vt 0.765625 0.84375
vt 0.765625 0.765625
vt 0.765625 0.765625
vt 0.765625 0.84375
vt 0.734375 0.84375
vt 0.734375 0.84375
vt 0.765625 0.84375
vt 0.796875 0.84375
vt 0.765625 0.84375
vt 0.765625 0.84375
vt 0.796875 0.84375
vn 0.38268336886472265 0.4619397290729614 -0.8001031970304492
vn 0.9238795588139957 -0.19134171849545442 0.3314134993763274
vn -0.38268336886472265 -0.4619397290729614 0.8001031970304492
vn -0.9238795588139957 0.19134171849545442 -0.3314134993763274
vn 5.8580490569504207e-8 0.8660254231067385 0.4999999665327901
vn -5.8580490569504207e-8 -0.8660254231067385 -0.4999999665327901
usemtl m_379dac1e-b5a9-56cd-f53e-de88e0f200cd
f 12/28/7 15/27/7 13/26/7 10/25/7
f 11/32/8 12/31/8 10/30/8 9/29/8
f 16/36/9 11/35/9 9/34/9 14/33/9
f 15/40/10 16/39/10 14/38/10 13/37/10
f 14/44/11 9/43/11 10/42/11 13/41/11
f 15/48/12 12/47/12 11/46/12 16/45/12
o right_ear_cube
v 0.20923493386790748 1.103372063815848 -0.43641788420672867
v 0.20923493386790748 1.103372063815848 -0.43641788420672867
v 0.20923495217431076 0.8327391190949922 -0.5926678737482256
v 0.20923495217431076 0.8327391190949922 -0.5926678737482256
v 0.09374998901615801 1.0794543490039161 -0.39499119678468775
v 0.09374998901615801 1.0794543490039161 -0.39499119678468775
v 0.09375000732256131 0.8088214042830604 -0.5512411863261847
v 0.09375000732256131 0.8088214042830604 -0.5512411863261847
vt 0.671875 0.84375
vt 0.703125 0.84375
vt 0.703125 0.765625
vt 0.671875 0.765625
vt 0.671875 0.84375
vt 0.671875 0.84375
vt 0.671875 0.765625
vt 0.671875 0.765625
vt 0.703125 0.84375
vt 0.734375 0.84375
vt 0.734375 0.765625
vt 0.703125 0.765625
vt 0.703125 0.84375
vt 0.703125 0.84375
vt 0.703125 0.765625
vt 0.703125 0.765625
vt 0.703125 0.84375
vt 0.671875 0.84375
vt 0.671875 0.84375
vt 0.703125 0.84375
vt 0.734375 0.84375
vt 0.703125 0.84375
vt 0.703125 0.84375
vt 0.734375 0.84375
vn -0.38268336886472265 0.4619397290729614 -0.8001031970304492
vn 0.9238795588139957 0.19134171849545442 -0.3314134993763274
vn 0.38268336886472265 -0.4619397290729614 0.8001031970304492
vn -0.9238795588139957 -0.19134171849545442 0.3314134993763274
vn -5.8580490569504207e-8 0.8660254231067385 0.4999999665327901
vn 5.8580490569504207e-8 -0.8660254231067385 -0.4999999665327901
usemtl m_379dac1e-b5a9-56cd-f53e-de88e0f200cd
f 20/52/13 23/51/13 21/50/13 18/49/13
f 19/56/14 20/55/14 18/54/14 17/53/14
f 24/60/15 19/59/15 17/58/15 22/57/15
f 23/64/16 24/63/16 22/62/16 21/61/16
f 22/68/17 17/67/17 18/66/17 21/65/17
f 23/72/18 20/71/18 19/70/18 24/69/18
o body
v 0.26875 0.7641997073971857 0.3965111853339779
v 0.26875 1.127826740319775 -0.30200984579387175
v 0.26875 0.2874313845638915 0.14832130572014712
v 0.26875 0.6510584174864806 -0.5501997254077025
v -0.26875 1.127826740319775 -0.30200984579387175
v -0.26875 0.7641997073971857 0.3965111853339779
v -0.26875 0.6510584174864806 -0.5501997254077025
v -0.26875 0.2874313845638915 0.14832130572014712
vt 0.1875 0.5
vt 0.3125 0.5
vt 0.3125 0.375
vt 0.1875 0.375
vt 0 0.5
vt 0.1875 0.5
vt 0.1875 0.375
vt 0 0.375
vt 0.5 0.5
vt 0.625 0.5
vt 0.625 0.375
vt 0.5 0.375
vt 0.3125 0.5
vt 0.5 0.5
vt 0.5 0.375
vt 0.3125 0.375
vt 0.3125 0.5
vt 0.1875 0.5
vt 0.1875 0.6875
vt 0.3125 0.6875
vt 0.4375 0.6875
vt 0.3125 0.6875
vt 0.3125 0.5
vt 0.4375 0.5
vn 0 0.4617486132350339 -0.8870108331782217
vn 1 0 0
vn 0 -0.4617486132350339 0.8870108331782217
vn -1 0 0
vn 0 0.8870108331782217 0.4617486132350339
vn 0 -0.8870108331782217 -0.4617486132350339
usemtl m_379dac1e-b5a9-56cd-f53e-de88e0f200cd
f 28/76/19 31/75/19 29/74/19 26/73/19
f 27/80/20 28/79/20 26/78/20 25/77/20
f 32/84/21 27/83/21 25/82/21 30/81/21
f 31/88/22 32/87/22 30/86/22 29/85/22
f 30/92/23 25/91/23 26/90/23 29/89/23
f 31/96/24 28/95/24 27/94/24 32/93/24
o body
v 0.25 0.7562260407732508 0.37122194571372935
v 0.25 1.1025375006995264 -0.29403617916993696
v 0.25 0.31272062418414 0.1403476390962124
v 0.25 0.6590320841104154 -0.5249104857874539
v -0.25 1.1025375006995264 -0.29403617916993696
v -0.25 0.7562260407732508 0.37122194571372935
v -0.25 0.6590320841104154 -0.5249104857874539
v -0.25 0.31272062418414 0.1403476390962124
vt 0.1875 0.1875
vt 0.3125 0.1875
vt 0.3125 0.0625
vt 0.1875 0.0625
vt 0 0.1875
vt 0.1875 0.1875
vt 0.1875 0.0625
vt 0 0.0625
vt 0.5 0.1875
vt 0.625 0.1875
vt 0.625 0.0625
vt 0.5 0.0625
vt 0.3125 0.1875
vt 0.5 0.1875
vt 0.5 0.0625
vt 0.3125 0.0625
vt 0.3125 0.1875
vt 0.1875 0.1875
vt 0.1875 0.375
vt 0.3125 0.375
vt 0.4375 0.375
vt 0.3125 0.375
vt 0.3125 0.1875
vt 0.4375 0.1875
vn 0 0.4617486132350339 -0.8870108331782217
vn 1 0 0
vn 0 -0.4617486132350339 0.8870108331782217
vn -1 0 0
vn 0 0.8870108331782217 0.4617486132350339
vn 0 -0.8870108331782217 -0.4617486132350339
usemtl m_379dac1e-b5a9-56cd-f53e-de88e0f200cd
f 36/100/25 39/99/25 37/98/25 34/97/25
f 35/104/26 36/103/26 34/102/26 33/101/26
f 40/108/27 35/107/27 33/106/27 38/105/27
f 39/112/28 40/111/28 38/110/28 37/109/28
f 38/116/29 33/115/29 34/114/29 37/113/29
f 39/120/30 36/119/30 35/118/30 40/117/30
o front_left_leg
v -0.0625 0.6599890515367719 -0.3740679402832211
v -0.0625 0.7224890515367719 -0.48232111575627595
v -0.0625 0.4976092883271896 -0.4678179402832211
v -0.0625 0.5601092883271896 -0.5760711157562759
v -0.1875 0.7224890515367719 -0.48232111575627595
v -0.1875 0.6599890515367719 -0.3740679402832211
v -0.1875 0.5601092883271896 -0.5760711157562759
v -0.1875 0.4976092883271896 -0.4678179402832211
vt 0.6875 0.296875
vt 0.71875 0.296875
vt 0.71875 0.25
vt 0.6875 0.25
vt 0.65625 0.296875
vt 0.6875 0.296875
vt 0.6875 0.25
vt 0.65625 0.25
vt 0.75 0.296875
vt 0.78125 0.296875
vt 0.78125 0.25
vt 0.75 0.25
vt 0.71875 0.296875
vt 0.75 0.296875
vt 0.75 0.25
vt 0.71875 0.25
vt 0.71875 0.296875
vt 0.6875 0.296875
vt 0.6875 0.328125
vt 0.71875 0.328125
vt 0.75 0.328125
vt 0.71875 0.328125
vt 0.71875 0.296875
vt 0.75 0.296875
vn 0 0.5 -0.8660254037844387
vn 1 0 0
vn 0 -0.5 0.8660254037844387
vn -1 0 0
vn 0 0.8660254037844387 0.5
vn 0 -0.8660254037844387 -0.5
usemtl m_379dac1e-b5a9-56cd-f53e-de88e0f200cd
f 44/124/31 47/123/31 45/122/31 42/121/31
f 43/128/32 44/127/32 42/126/32 41/125/32
f 48/132/33 43/131/33 41/130/33 46/129/33
f 47/136/34 48/135/34 46/134/34 45/133/34
f 46/140/35 41/139/35 42/138/35 45/137/35
f 47/144/36 44/143/36 43/142/36 48/141/36
o front_right_leg
v 0.1875 0.6599890515367719 -0.3740679402832211
v 0.1875 0.7224890515367719 -0.48232111575627595
v 0.1875 0.4976092883271896 -0.4678179402832211
v 0.1875 0.5601092883271896 -0.5760711157562759
v 0.0625 0.7224890515367719 -0.48232111575627595
v 0.0625 0.6599890515367719 -0.3740679402832211
v 0.0625 0.5601092883271896 -0.5760711157562759
v 0.0625 0.4976092883271896 -0.4678179402832211
vt 0.828125 0.296875
vt 0.859375 0.296875
vt 0.859375 0.25
vt 0.828125 0.25
vt 0.796875 0.296875
vt 0.828125 0.296875
vt 0.828125 0.25
vt 0.796875 0.25
vt 0.890625 0.296875
vt 0.921875 0.296875
vt 0.921875 0.25
vt 0.890625 0.25
vt 0.859375 0.296875
vt 0.890625 0.296875
vt 0.890625 0.25
vt 0.859375 0.25
vt 0.859375 0.296875
vt 0.828125 0.296875
vt 0.828125 0.328125
vt 0.859375 0.328125
vt 0.890625 0.328125
vt 0.859375 0.328125
vt 0.859375 0.296875
vt 0.890625 0.296875
vn 0 0.5 -0.8660254037844387
vn 1 0 0
vn 0 -0.5 0.8660254037844387
vn -1 0 0
vn 0 0.8660254037844387 0.5
vn 0 -0.8660254037844387 -0.5
usemtl m_379dac1e-b5a9-56cd-f53e-de88e0f200cd
f 52/148/37 55/147/37 53/146/37 50/145/37
f 51/152/38 52/151/38 50/150/38 49/149/38
f 56/156/39 51/155/39 49/154/39 54/153/39
f 55/160/40 56/159/40 54/158/40 53/157/40
f 54/164/41 49/163/41 50/162/41 53/161/41
f 55/168/42 52/167/42 51/166/42 56/165/42
o back_left_leg
v -0.0625 0.3970180895849685 0.11376875034976319
v -0.0625 0.4547366662393477 0.0028923962024854366
v -0.0625 0.2307035583640519 0.027190885368194306
v -0.0625 0.28842213501843117 -0.08368546877908342
v -0.1875 0.4547366662393477 0.0028923962024854366
v -0.1875 0.3970180895849685 0.11376875034976319
v -0.1875 0.28842213501843117 -0.08368546877908342
v -0.1875 0.2307035583640519 0.027190885368194306
vt 0.6875 0.484375
vt 0.71875 0.484375
vt 0.71875 0.4375
vt 0.6875 0.4375
vt 0.65625 0.484375
vt 0.6875 0.484375
vt 0.6875 0.4375
vt 0.65625 0.4375
vt 0.75 0.484375
vt 0.78125 0.484375
vt 0.78125 0.4375
vt 0.75 0.4375
vt 0.71875 0.484375
vt 0.75 0.484375
vt 0.75 0.4375
vt 0.71875 0.4375
vt 0.71875 0.484375
vt 0.6875 0.484375
vt 0.6875 0.515625
vt 0.71875 0.515625
vt 0.75 0.515625
vt 0.71875 0.515625
vt 0.71875 0.484375
vt 0.75 0.484375
vn 0 0.4617486132350339 -0.8870108331782217
vn 1 0 0
vn 0 -0.4617486132350339 0.8870108331782217
vn -1 0 0
vn 0 0.8870108331782217 0.4617486132350339
vn 0 -0.8870108331782217 -0.4617486132350339
usemtl m_379dac1e-b5a9-56cd-f53e-de88e0f200cd
f 60/172/43 63/171/43 61/170/43 58/169/43
f 59/176/44 60/175/44 58/174/44 57/173/44
f 64/180/45 59/179/45 57/178/45 62/177/45
f 63/184/46 64/183/46 62/182/46 61/181/46
f 62/188/47 57/187/47 58/186/47 61/185/47
f 63/192/48 60/191/48 59/190/48 64/189/48
o back_right_leg
v 0.1875 0.3970180895849685 0.11376875034976319
v 0.1875 0.4547366662393477 0.0028923962024854366
v 0.1875 0.2307035583640519 0.027190885368194306
v 0.1875 0.28842213501843117 -0.08368546877908342
v 0.0625 0.4547366662393477 0.0028923962024854366
v 0.0625 0.3970180895849685 0.11376875034976319
v 0.0625 0.28842213501843117 -0.08368546877908342
v 0.0625 0.2307035583640519 0.027190885368194306
vt 0.828125 0.484375
vt 0.859375 0.484375
vt 0.859375 0.4375
vt 0.828125 0.4375
vt 0.796875 0.484375
vt 0.828125 0.484375
vt 0.828125 0.4375
vt 0.796875 0.4375
vt 0.890625 0.484375
vt 0.921875 0.484375
vt 0.921875 0.4375
vt 0.890625 0.4375
vt 0.859375 0.484375
vt 0.890625 0.484375
vt 0.890625 0.4375
vt 0.859375 0.4375
vt 0.859375 0.484375
vt 0.828125 0.484375
vt 0.828125 0.515625
vt 0.859375 0.515625
vt 0.890625 0.515625
vt 0.859375 0.515625
vt 0.859375 0.484375
vt 0.890625 0.484375
vn 0 0.4617486132350339 -0.8870108331782217
vn 1 0 0
vn 0 -0.4617486132350339 0.8870108331782217
vn -1 0 0
vn 0 0.8870108331782217 0.4617486132350339
vn 0 -0.8870108331782217 -0.4617486132350339
usemtl m_379dac1e-b5a9-56cd-f53e-de88e0f200cd
f 68/196/49 71/195/49 69/194/49 66/193/49
f 67/200/50 68/199/50 66/198/50 65/197/50
f 72/204/51 67/203/51 65/202/51 70/201/51
f 71/208/52 72/207/52 70/206/52 69/205/52
f 70/212/53 65/211/53 66/210/53 69/209/53
f 71/216/54 68/215/54 67/214/54 72/213/54
o tail
v 0.03125 0.5705225324465852 0.26851051345142973
v 0.03125 0.5688864731773431 0.20603193064045738
v 0.03125 0.19565103558075128 0.2783268690668822
v 0.03125 0.1940149763115092 0.21584828625590985
v -0.03125 0.5688864731773431 0.20603193064045738
v -0.03125 0.5705225324465852 0.26851051345142973
v -0.03125 0.1940149763115092 0.21584828625590985
v -0.03125 0.19565103558075128 0.2783268690668822
vt 0.703125 0.15625
vt 0.71875 0.15625
vt 0.71875 0.0625
vt 0.703125 0.0625
vt 0.6875 0.15625
vt 0.703125 0.15625
vt 0.703125 0.0625
vt 0.6875 0.0625
vt 0.734375 0.15625
vt 0.75 0.15625
vt 0.75 0.0625
vt 0.734375 0.0625
vt 0.71875 0.15625
vt 0.734375 0.15625
vt 0.734375 0.0625
vt 0.71875 0.0625
vt 0.71875 0.15625
vt 0.703125 0.15625
vt 0.703125 0.171875
vt 0.71875 0.171875
vt 0.734375 0.171875
vt 0.71875 0.171875
vt 0.71875 0.15625
vt 0.734375 0.15625
vn 0 -0.026176948307873264 -0.9996573249755574
vn 1 0 0
vn 0 0.026176948307873264 0.9996573249755574
vn -1 0 0
vn 0 0.9996573249755574 -0.026176948307873264
vn 0 -0.9996573249755574 0.026176948307873264
usemtl m_379dac1e-b5a9-56cd-f53e-de88e0f200cd
f 76/220/55 79/219/55 77/218/55 74/217/55
f 75/224/56 76/223/56 74/222/56 73/221/56
f 80/228/57 75/227/57 73/226/57 78/225/57
f 79/232/58 80/231/58 78/230/58 77/229/58
f 78/236/59 73/235/59 74/234/59 77/233/59
f 79/240/60 76/239/60 75/238/60 80/237/60
o knob
v 0.0625 1.195975394713208 -0.31751645889791635
v 0.0625 1.1498955611625752 -0.27529207092193764
v 0.0625 1.364872946617123 -0.13319712469538536
v 0.0625 1.3187931130664903 -0.09097273671940664
v -0.06249999999999989 1.1498955611625752 -0.27529207092193764
v -0.06249999999999989 1.195975394713208 -0.31751645889791635
v -0.06249999999999989 1.3187931130664903 -0.09097273671940664
v -0.06249999999999989 1.364872946617123 -0.13319712469538536
vt 0.015625 0.984375
vt 0.046875 0.984375
vt 0.046875 0.921875
vt 0.015625 0.921875
vt 0 0.984375
vt 0.015625 0.984375
vt 0.015625 0.921875
vt 0 0.921875
vt 0.0625 0.984375
vt 0.09375 0.984375
vt 0.09375 0.921875
vt 0.0625 0.921875
vt 0.046875 0.984375
vt 0.0625 0.984375
vt 0.0625 0.921875
vt 0.046875 0.921875
vt 0.046875 0.984375
vt 0.015625 0.984375
vt 0.015625 1
vt 0.046875 1
vt 0.078125 1
vt 0.046875 1
vt 0.046875 0.984375
vt 0.078125 0.984375
vn 0 -0.7372773368101241 0.6755902076156604
vn 1 0 0
vn 0 0.7372773368101241 -0.6755902076156604
vn -1 0 0
vn 0 -0.6755902076156604 -0.7372773368101241
vn 0 0.6755902076156604 0.7372773368101241
usemtl m_2db29b20-6ca0-f9af-4bd3-ab23df039683
f 84/244/61 87/243/61 85/242/61 82/241/61
f 83/248/62 84/247/62 82/246/62 81/245/62
f 88/252/63 83/251/63 81/250/63 86/249/63
f 87/256/64 88/255/64 86/254/64 85/253/64
f 86/260/65 81/259/65 82/258/65 85/257/65
f 87/264/66 84/263/66 83/262/66 88/261/66
o base
v 0.4375 1.1481063742006435e-16 -0.4375
v 0.4375 7.654042494670959e-18 0.4375
v 0.4375 0.6250000000000001 -0.4375
v 0.4375 0.625 0.4375000000000001
v -0.4375 7.654042494670959e-18 0.4375
v -0.4375 1.1481063742006435e-16 -0.4375
v -0.4375 0.625 0.4375000000000001
v -0.4375 0.6250000000000001 -0.4375
vt 0.21875 0.484375
vt 0.4375 0.484375
vt 0.4375 0.328125
vt 0.21875 0.328125
vt 0 0.484375
vt 0.21875 0.484375
vt 0.21875 0.328125
vt 0 0.328125
vt 0.65625 0.484375
vt 0.875 0.484375
vt 0.875 0.328125
vt 0.65625 0.328125
vt 0.4375 0.484375
vt 0.65625 0.484375
vt 0.65625 0.328125
vt 0.4375 0.328125
vt 0.4375 0.484375
vt 0.21875 0.484375
vt 0.21875 0.703125
vt 0.4375 0.703125
vt 0.65625 0.703125
vt 0.4375 0.703125
vt 0.4375 0.484375
vt 0.65625 0.484375
vn 0 -1.2246467991473532e-16 1
vn 1 0 0
vn 0 1.2246467991473532e-16 -1
vn -1 0 0
vn 0 -1 -1.2246467991473532e-16
vn 0 1 1.2246467991473532e-16
usemtl m_2db29b20-6ca0-f9af-4bd3-ab23df039683
f 92/268/67 95/267/67 93/266/67 90/265/67
f 91/272/68 92/271/68 90/270/68 89/269/68
f 96/276/69 91/275/69 89/274/69 94/273/69
f 95/280/70 96/279/70 94/278/70 93/277/70
f 94/284/71 89/283/71 90/282/71 93/281/71
f 95/288/72 92/287/72 91/286/72 96/285/72
o lid
v 0.4375 1.2343443371145328 -0.1831324038206722
v 0.4375 0.5892266674056742 0.40800902784303056
v 0.4375 1.4454662769944266 0.04726676393249157
v 0.4375 0.800348607285568 0.6384081955961943
v -0.4374999999999999 0.5892266674056742 0.40800902784303056
v -0.4374999999999999 1.2343443371145328 -0.1831324038206722
v -0.4374999999999999 0.800348607285568 0.6384081955961943
v -0.4374999999999999 1.4454662769944266 0.04726676393249157
vt 0.21875 0.78125
vt 0.4375 0.78125
vt 0.4375 0.703125
vt 0.21875 0.703125
vt 0 0.78125
vt 0.21875 0.78125
vt 0.21875 0.703125
vt 0 0.703125
vt 0.65625 0.78125
vt 0.875 0.78125
vt 0.875 0.703125
vt 0.65625 0.703125
vt 0.4375 0.78125
vt 0.65625 0.78125
vt 0.65625 0.703125
vt 0.4375 0.703125
vt 0.4375 0.78125
vt 0.21875 0.78125
vt 0.21875 1
vt 0.4375 1
vt 0.65625 1
vt 0.4375 1
vt 0.4375 0.78125
vt 0.65625 0.78125
vn 0 -0.7372773368101241 0.6755902076156604
vn 1 0 0
vn 0 0.7372773368101241 -0.6755902076156604
vn -1 0 0
vn 0 -0.6755902076156604 -0.7372773368101241
vn 0 0.6755902076156604 0.7372773368101241
usemtl m_2db29b20-6ca0-f9af-4bd3-ab23df039683
f 100/292/73 103/291/73 101/290/73 98/289/73
f 99/296/74 100/295/74 98/294/74 97/293/74
f 104/300/75 99/299/75 97/298/75 102/297/75
f 103/304/76 104/303/76 102/302/76 101/301/76
f 102/308/77 97/307/77 98/306/77 101/305/77
f 103/312/78 100/311/78 99/310/78 104/309/78
o board
v 0.5 0.5487984425856058 -0.40589048212418755
v 0.5 0.5705044647939721 -0.5289914512507136
v 0.5 -0.005155918483761124 -0.5035675820618358
v 0.5 0.016550103724605136 -0.6266685511883618
v -0.5 0.5705044647939721 -0.5289914512507136
v -0.5 0.5487984425856058 -0.40589048212418755
v -0.5 0.016550103724605136 -0.6266685511883618
v -0.5 -0.005155918483761124 -0.5035675820618358
vt 0.09375 0.9375
vt 0.34375 0.9375
vt 0.34375 0.65625
vt 0.09375 0.65625
vt 0.0625 0.9375
vt 0.09375 0.9375
vt 0.09375 0.65625
vt 0.0625 0.65625
vt 0.375 0.9375
vt 0.625 0.9375
vt 0.625 0.65625
vt 0.375 0.65625
vt 0.34375 0.9375
vt 0.375 0.9375
vt 0.375 0.65625
vt 0.34375 0.65625
vt 0.34375 0.9375
vt 0.09375 0.9375
vt 0.09375 1
vt 0.34375 1
vt 0.59375 1
vt 0.34375 1
vt 0.34375 0.9375
vt 0.59375 0.9375
vn 0 0.17364817766693033 -0.984807753012208
vn 1 0 0
vn 0 -0.17364817766693033 0.984807753012208
vn -1 0 0
vn 0 0.984807753012208 0.17364817766693033
vn 0 -0.984807753012208 -0.17364817766693033
usemtl m_9c8605d8-7ba3-0f04-3cfd-1bb33a26f91b
f 108/316/79 111/315/79 109/314/79 106/313/79
f 107/320/80 108/319/80 106/318/80 105/317/80
f 112/324/81 107/323/81 105/322/81 110/321/81
f 111/328/82 112/327/82 110/326/82 109/325/82
f 110/332/83 105/331/83 106/330/83 109/329/83
f 111/336/84 108/335/84 107/334/84 112/333/84